should,not,match